3.998852806122448965e+04
3.999566615646259015e+04
4.000586343537415087e+04
3.999311683673469815e+04
4.000076479591836687e+04
3.998903792517007241e+04
3.999668588435374113e+04
4.000994234693877661e+04
4.000739302721088461e+04
4.000178452380952513e+04
3.999821547619047487e+04
3.999668588435374113e+04
3.999719574829932390e+04
3.999668588435374113e+04
3.998801819727891416e+04
3.999668588435374113e+04
4.000688316326530185e+04
4.000331411564625887e+04
3.999668588435374113e+04
3.999719574829932390e+04
4.000025493197278411e+04
4.000433384353740985e+04
3.999056751700680616e+04
3.999770561224489938e+04
3.999668588435374113e+04
4.000892261904761835e+04
3.999974506802721589e+04
4.000229438775510062e+04
3.999464642857143190e+04
4.000790289115646010e+04
3.999821547619047487e+04
4.000739302721088461e+04
4.000688316326530185e+04
4.001147193877551035e+04
3.999770561224489938e+04
4.001198180272108584e+04
3.999260697278911539e+04
3.999974506802721589e+04
4.000433384353740985e+04
3.999923520408163313e+04
4.001147193877551035e+04
4.000484370748299261e+04
3.999413656462584913e+04
3.999617602040815837e+04
4.001096207482992759e+04
4.000178452380952513e+04
3.998954778911564790e+04
3.999821547619047487e+04
3.998801819727891416e+04
3.999464642857143190e+04
3.999158724489796441e+04
3.999260697278911539e+04
3.999770561224489938e+04
3.999362670068027364e+04
3.999107738095238165e+04
4.001198180272108584e+04
3.998903792517007241e+04
4.000637329931972636e+04
4.000943248299319384e+04
3.998801819727891416e+04
4.001096207482992759e+04
3.999923520408163313e+04
4.000994234693877661e+04
3.998852806122448965e+04
3.998903792517007241e+04
3.999362670068027364e+04
4.001045221088435210e+04
3.999668588435374113e+04
4.000994234693877661e+04
3.999311683673469815e+04
4.000688316326530185e+04
3.999821547619047487e+04
4.000790289115646010e+04
3.999515629251700739e+04
3.999107738095238165e+04
4.000382397959184163e+04
4.000076479591836687e+04
3.999668588435374113e+04
3.999107738095238165e+04
4.000637329931972636e+04
4.000586343537415087e+04
3.999974506802721589e+04
3.999311683673469815e+04
4.000790289115646010e+04
4.000841275510203559e+04
3.999464642857143190e+04
4.000178452380952513e+04
4.000790289115646010e+04
4.000331411564625887e+04
4.000025493197278411e+04
4.000025493197278411e+04
4.000433384353740985e+04
4.000433384353740985e+04
3.999566615646259015e+04
3.998852806122448965e+04
3.999566615646259015e+04
4.000382397959184163e+04
3.999209710884353990e+04
4.000790289115646010e+04
