4.000006256260434020e+04
4.000006256260434020e+04
4.000006256260434020e+04
4.000006256260434020e+04
4.003422174457429355e+04
4.000006256260434020e+04
4.000719469949916675e+04
4.000006256260434020e+04
4.003634887312187493e+04
4.000006256260434020e+04
4.000006256260434020e+04
3.999993743739565980e+04
4.000006256260434020e+04
4.000018768781302060e+04
4.001382633555926441e+04
4.000006256260434020e+04
4.000006256260434020e+04
4.000006256260434020e+04
4.000006256260434020e+04
4.000006256260434020e+04
4.000006256260434020e+04
4.000006256260434020e+04
3.996965713689482072e+04
4.000006256260434020e+04
4.000006256260434020e+04
3.999343092654424254e+04
3.999993743739565980e+04
4.000006256260434020e+04
3.999568318030050432e+04
4.000006256260434020e+04
4.000006256260434020e+04
4.000006256260434020e+04
4.000006256260434020e+04
4.000006256260434020e+04
4.000006256260434020e+04
4.000006256260434020e+04
4.000006256260434020e+04
4.000006256260434020e+04
4.001470221202003449e+04
4.000006256260434020e+04
3.997366114357262268e+04
4.000006256260434020e+04
4.000006256260434020e+04
4.000006256260434020e+04
3.999993743739565980e+04
4.000006256260434020e+04
4.000006256260434020e+04
4.000006256260434020e+04
4.000006256260434020e+04
4.000006256260434020e+04
4.000018768781302060e+04
4.000006256260434020e+04
4.000006256260434020e+04
4.000006256260434020e+04
4.000006256260434020e+04
4.000006256260434020e+04
4.000006256260434020e+04
4.000006256260434020e+04
4.000006256260434020e+04
4.000006256260434020e+04
4.000006256260434020e+04
4.002733985809682781e+04
4.000006256260434020e+04
4.000006256260434020e+04
4.002683935726210620e+04
4.000006256260434020e+04
3.999993743739565980e+04
4.000018768781302060e+04
4.000006256260434020e+04
4.000006256260434020e+04
4.000006256260434020e+04
4.000006256260434020e+04
4.000006256260434020e+04
4.000006256260434020e+04
3.999418167779632495e+04
4.000006256260434020e+04
3.999318067612687446e+04
4.000006256260434020e+04
4.000006256260434020e+04
4.000031281302170100e+04
4.000006256260434020e+04
4.003572324707846565e+04
4.000006256260434020e+04
4.000006256260434020e+04
3.997678927378965454e+04
4.000006256260434020e+04
4.001732984140233748e+04
4.002346097662771353e+04
4.000006256260434020e+04
3.997566314691151638e+04
4.000006256260434020e+04
4.002321072621034546e+04
4.000006256260434020e+04
4.000006256260434020e+04
4.000006256260434020e+04
4.003734987479131814e+04
4.000006256260434020e+04
3.997403651919866388e+04
3.999993743739565980e+04
4.000006256260434020e+04
4.000006256260434020e+04
4.000006256260434020e+04
3.999655905676127441e+04
4.000006256260434020e+04
4.000006256260434020e+04
4.001370121035059128e+04
4.000006256260434020e+04
4.003009261268781120e+04
3.998992742070116947e+04
4.000006256260434020e+04
4.000006256260434020e+04
4.000006256260434020e+04
4.000006256260434020e+04
4.000006256260434020e+04
4.001482733722871490e+04
4.000006256260434020e+04
4.000006256260434020e+04
4.002471222871452483e+04
4.000006256260434020e+04
4.001332583472453553e+04
4.000006256260434020e+04
4.000006256260434020e+04
4.000006256260434020e+04
4.000006256260434020e+04
4.000006256260434020e+04
4.000006256260434020e+04
4.000006256260434020e+04
4.000006256260434020e+04
4.002195947412353416e+04
4.002859111018363910e+04
4.000006256260434020e+04
4.000006256260434020e+04
3.999993743739565980e+04
4.000006256260434020e+04
4.002321072621034546e+04
4.000006256260434020e+04
4.000006256260434020e+04
3.999993743739565980e+04
4.000006256260434020e+04
4.000006256260434020e+04
4.000006256260434020e+04
3.999993743739565980e+04
3.996978226210350840e+04
4.000006256260434020e+04
4.000006256260434020e+04
4.000006256260434020e+04
4.000006256260434020e+04
4.000006256260434020e+04
4.000006256260434020e+04
4.000006256260434020e+04
3.999906156093489699e+04
4.000006256260434020e+04
4.000006256260434020e+04
4.000006256260434020e+04
4.000006256260434020e+04
3.998279528380634292e+04
4.000006256260434020e+04
4.000006256260434020e+04
4.000006256260434020e+04
3.997328576794658147e+04
4.002408660267111554e+04
4.000006256260434020e+04
4.000006256260434020e+04
4.001808059265441989e+04
4.000006256260434020e+04
4.000006256260434020e+04
4.000006256260434020e+04
4.000006256260434020e+04
4.000006256260434020e+04
4.000006256260434020e+04
4.000982232888146973e+04
4.000006256260434020e+04
4.000006256260434020e+04
3.997203451585977018e+04
4.000006256260434020e+04
3.999993743739565980e+04
4.000006256260434020e+04
4.000006256260434020e+04
4.000006256260434020e+04
4.000006256260434020e+04
4.000006256260434020e+04
4.000006256260434020e+04
4.000006256260434020e+04
3.997678927378965454e+04
4.001983234557596006e+04
4.000006256260434020e+04
4.000018768781302060e+04
4.000006256260434020e+04
4.000006256260434020e+04
4.000006256260434020e+04
4.000006256260434020e+04
3.999993743739565980e+04
4.001382633555926441e+04
4.000006256260434020e+04
4.000006256260434020e+04
3.996252500000000146e+04
4.000006256260434020e+04
3.999993743739565980e+04
4.002008259599332814e+04
4.000018768781302060e+04
3.999668418196994753e+04
4.000006256260434020e+04
4.000006256260434020e+04
4.001307558430718200e+04
3.998216965776293364e+04
4.000006256260434020e+04
4.000006256260434020e+04
3.997503752086811437e+04
3.999981231218697940e+04
4.000018768781302060e+04
4.000006256260434020e+04
4.000006256260434020e+04
4.000006256260434020e+04
4.000006256260434020e+04
4.000006256260434020e+04
4.000006256260434020e+04
4.000006256260434020e+04
4.001382633555926441e+04
4.000006256260434020e+04
4.000006256260434020e+04
4.000006256260434020e+04
4.000018768781302060e+04
4.000006256260434020e+04
4.000006256260434020e+04
4.000006256260434020e+04
4.000006256260434020e+04
4.000006256260434020e+04
4.000006256260434020e+04
4.000006256260434020e+04
4.000006256260434020e+04
3.998479728714524390e+04
4.000006256260434020e+04
4.000006256260434020e+04
4.000006256260434020e+04
4.000006256260434020e+04
4.000006256260434020e+04
3.996778025876460742e+04
4.002896648580968031e+04
4.000006256260434020e+04
3.999993743739565980e+04
4.003522274624373676e+04
4.000006256260434020e+04
4.000006256260434020e+04
4.000006256260434020e+04
4.000006256260434020e+04
4.000444194490817608e+04
3.999993743739565980e+04
3.998054303005008114e+04
3.996990738731218880e+04
4.000006256260434020e+04
4.000006256260434020e+04
4.000006256260434020e+04
4.002333585141903313e+04
4.000006256260434020e+04
4.000006256260434020e+04
3.997591339732888446e+04
4.000006256260434020e+04
4.000006256260434020e+04
4.000006256260434020e+04
4.000006256260434020e+04
4.000006256260434020e+04
4.000006256260434020e+04
3.999355605175292294e+04
4.003747499999999854e+04
4.002596348080133612e+04
4.000006256260434020e+04
4.000006256260434020e+04
4.000006256260434020e+04
3.998317065943239140e+04
4.003096848914858128e+04
4.000006256260434020e+04
4.000006256260434020e+04
4.000006256260434020e+04
4.000006256260434020e+04
4.000006256260434020e+04
4.000006256260434020e+04
3.999643393155258673e+04
4.000006256260434020e+04
4.000006256260434020e+04
4.000006256260434020e+04
3.997128376460768050e+04
4.000018768781302060e+04
4.000006256260434020e+04
3.999443192821369303e+04
4.000006256260434020e+04
4.000006256260434020e+04
4.000006256260434020e+04
4.001370121035059128e+04
4.000006256260434020e+04
4.000006256260434020e+04
4.000006256260434020e+04
4.000031281302170100e+04
4.000006256260434020e+04
4.000006256260434020e+04
3.999993743739565980e+04
3.996477725375626324e+04
4.000006256260434020e+04
4.000006256260434020e+04
4.000018768781302060e+04
4.000006256260434020e+04
4.000006256260434020e+04
4.000006256260434020e+04
4.000006256260434020e+04
4.000006256260434020e+04
3.999993743739565980e+04
4.000006256260434020e+04
4.000006256260434020e+04
4.000907157762938004e+04
4.000006256260434020e+04
4.000006256260434020e+04
4.000006256260434020e+04
4.000006256260434020e+04
3.998417166110183462e+04
3.998704954090150568e+04
4.001044795492487174e+04
4.001032282971619134e+04
3.998254503338898212e+04
4.000006256260434020e+04
3.998041790484140074e+04
3.998467216193655622e+04
4.000006256260434020e+04
4.000006256260434020e+04
3.999993743739565980e+04
4.000006256260434020e+04
4.000006256260434020e+04
4.000006256260434020e+04
4.000006256260434020e+04
4.000006256260434020e+04
4.000006256260434020e+04
4.000006256260434020e+04
4.000006256260434020e+04
4.000006256260434020e+04
4.000006256260434020e+04
3.997015763772954961e+04
4.000006256260434020e+04
4.000006256260434020e+04
4.000006256260434020e+04
4.000006256260434020e+04
3.997391139398998348e+04
4.001808059265441989e+04
4.000056306343906181e+04
3.999330580133555486e+04
4.000006256260434020e+04
4.000006256260434020e+04
4.000006256260434020e+04
4.000006256260434020e+04
4.000006256260434020e+04
4.000006256260434020e+04
4.000006256260434020e+04
4.000006256260434020e+04
4.000006256260434020e+04
4.000006256260434020e+04
4.000006256260434020e+04
4.000006256260434020e+04
4.000006256260434020e+04
4.000006256260434020e+04
4.000006256260434020e+04
3.999993743739565980e+04
4.002946698664440919e+04
3.998367116026711301e+04
4.003522274624373676e+04
4.000006256260434020e+04
4.002045797161936935e+04
4.000006256260434020e+04
4.000006256260434020e+04
4.000006256260434020e+04
4.000006256260434020e+04
4.000006256260434020e+04
4.000006256260434020e+04
4.000006256260434020e+04
4.000006256260434020e+04
4.000006256260434020e+04
3.997266014190317219e+04
4.000006256260434020e+04
4.000006256260434020e+04
4.000006256260434020e+04
4.000006256260434020e+04
3.999968718697829900e+04
4.000006256260434020e+04
4.002508760434056603e+04
4.003034286310517928e+04
4.000006256260434020e+04
4.002809060934891750e+04
3.999993743739565980e+04
4.001520271285475610e+04
4.000006256260434020e+04
4.001770521702837868e+04
4.000006256260434020e+04
4.000006256260434020e+04
4.000006256260434020e+04
4.000006256260434020e+04
3.996853101001669711e+04
4.000006256260434020e+04
3.999993743739565980e+04
4.000006256260434020e+04
4.000006256260434020e+04
4.000018768781302060e+04
4.001445196160267369e+04
3.997741489983305655e+04
4.000006256260434020e+04
4.000006256260434020e+04
4.000018768781302060e+04
4.000006256260434020e+04
4.000006256260434020e+04
4.000006256260434020e+04
4.000006256260434020e+04
4.000006256260434020e+04
4.003234486644407298e+04
4.000006256260434020e+04
4.000006256260434020e+04
3.998704954090150568e+04
4.000006256260434020e+04
4.000006256260434020e+04
4.000006256260434020e+04
4.000006256260434020e+04
4.000006256260434020e+04
4.000006256260434020e+04
4.000006256260434020e+04
3.997178426544240210e+04
4.001707959098497668e+04
4.000006256260434020e+04
4.001670421535892820e+04
4.001345095993322320e+04
4.000006256260434020e+04
3.997391139398998348e+04
4.000006256260434020e+04
4.000006256260434020e+04
4.000006256260434020e+04
3.999355605175292294e+04
4.000006256260434020e+04
4.000018768781302060e+04
4.000006256260434020e+04
3.999981231218697940e+04
4.000006256260434020e+04
4.000006256260434020e+04
3.998992742070116947e+04
4.000006256260434020e+04
3.999993743739565980e+04
4.000006256260434020e+04
4.000006256260434020e+04
4.000006256260434020e+04
4.000006256260434020e+04
4.000006256260434020e+04
4.000006256260434020e+04
4.001657909015025507e+04
4.000243994156928238e+04
4.000006256260434020e+04
3.997879127712854824e+04
4.000006256260434020e+04
3.997078326377295889e+04
4.000006256260434020e+04
4.000006256260434020e+04
4.001307558430718200e+04
4.000006256260434020e+04
3.999993743739565980e+04
4.000006256260434020e+04
4.000006256260434020e+04
4.000006256260434020e+04
4.000006256260434020e+04
3.999042792153589107e+04
4.000006256260434020e+04
4.000006256260434020e+04
3.998429678631051502e+04
4.000006256260434020e+04
3.999117867278798076e+04
4.000018768781302060e+04
4.000006256260434020e+04
4.000006256260434020e+04
4.000006256260434020e+04
4.000006256260434020e+04
4.000006256260434020e+04
4.000844595158597804e+04
4.000006256260434020e+04
4.000006256260434020e+04
4.000531782136894617e+04
4.001232483305509231e+04
4.000006256260434020e+04
4.000018768781302060e+04
3.998717466611017880e+04
4.000932182804674812e+04
4.000006256260434020e+04
4.000006256260434020e+04
4.000006256260434020e+04
4.000006256260434020e+04
4.000006256260434020e+04
4.000006256260434020e+04
3.999580830550917744e+04
4.000018768781302060e+04
4.000006256260434020e+04
4.000006256260434020e+04
4.000006256260434020e+04
4.000006256260434020e+04
4.000018768781302060e+04
4.000907157762938004e+04
4.000006256260434020e+04
3.999455705342236615e+04
4.000006256260434020e+04
4.000006256260434020e+04
4.000006256260434020e+04
4.000006256260434020e+04
4.000006256260434020e+04
3.999993743739565980e+04
4.000006256260434020e+04
4.000056306343906181e+04
4.000006256260434020e+04
4.000006256260434020e+04
4.000006256260434020e+04
3.999405655258764455e+04
4.000006256260434020e+04
4.000006256260434020e+04
4.000006256260434020e+04
4.000006256260434020e+04
4.000006256260434020e+04
4.000006256260434020e+04
4.000006256260434020e+04
3.999981231218697940e+04
4.000006256260434020e+04
4.000006256260434020e+04
4.000006256260434020e+04
4.000006256260434020e+04
4.000006256260434020e+04
4.000006256260434020e+04
4.001057308013355942e+04
4.000006256260434020e+04
4.000006256260434020e+04
4.001069820534223982e+04
4.000006256260434020e+04
4.000006256260434020e+04
4.000006256260434020e+04
4.000006256260434020e+04
3.998267015859766252e+04
3.998817566777962929e+04
4.000006256260434020e+04
4.000006256260434020e+04
4.000006256260434020e+04
4.000669419866444514e+04
4.000006256260434020e+04
3.996277525041736226e+04
4.000006256260434020e+04
4.000006256260434020e+04
4.000006256260434020e+04
4.000006256260434020e+04
3.999993743739565980e+04
4.000018768781302060e+04
4.000006256260434020e+04
4.000006256260434020e+04
4.000006256260434020e+04
4.000006256260434020e+04
4.000006256260434020e+04
4.001232483305509231e+04
3.999993743739565980e+04
4.000006256260434020e+04
4.000006256260434020e+04
3.998892641903171898e+04
4.000006256260434020e+04
4.000006256260434020e+04
4.000006256260434020e+04
4.000006256260434020e+04
4.000131381469115149e+04
3.999993743739565980e+04
3.997266014190317219e+04
3.997766515025041735e+04
4.001094845575960062e+04
4.000006256260434020e+04
4.000006256260434020e+04
4.000006256260434020e+04
4.000006256260434020e+04
4.000006256260434020e+04
4.000006256260434020e+04
4.000006256260434020e+04
4.000731982470783987e+04
4.000006256260434020e+04
4.000006256260434020e+04
4.000631882303839666e+04
4.000018768781302060e+04
3.998755004173622729e+04
4.000006256260434020e+04
4.000006256260434020e+04
4.000006256260434020e+04
4.000006256260434020e+04
3.996615363105175493e+04
4.000006256260434020e+04
3.999993743739565980e+04
4.000006256260434020e+04
4.000006256260434020e+04
4.000006256260434020e+04
4.000006256260434020e+04
4.000006256260434020e+04
3.998992742070116947e+04
4.001670421535892820e+04
4.000006256260434020e+04
4.000006256260434020e+04
4.001958209515859926e+04
4.000006256260434020e+04
4.000006256260434020e+04
4.000006256260434020e+04
3.999430680300501263e+04
4.000006256260434020e+04
4.002296047579299193e+04
4.003422174457429355e+04
4.000006256260434020e+04
4.000006256260434020e+04
4.000006256260434020e+04
4.000006256260434020e+04
4.000006256260434020e+04
4.000006256260434020e+04
4.000006256260434020e+04
3.998992742070116947e+04
3.999993743739565980e+04
4.000006256260434020e+04
3.999468217863105383e+04
4.000006256260434020e+04
4.000006256260434020e+04
4.001282533388982120e+04
4.000081331385642989e+04
3.996903151085141872e+04
4.000006256260434020e+04
3.996940688647745992e+04
4.001758009181969828e+04
4.000006256260434020e+04
4.000006256260434020e+04
4.000006256260434020e+04
4.000006256260434020e+04
4.003534787145242444e+04
4.000006256260434020e+04
4.000006256260434020e+04
4.000006256260434020e+04
4.000006256260434020e+04
4.000006256260434020e+04
4.000006256260434020e+04
4.000006256260434020e+04
4.000006256260434020e+04
4.000006256260434020e+04
4.000006256260434020e+04
3.996727975792988582e+04
4.000519269616026577e+04
3.999943693656093819e+04
4.000006256260434020e+04
4.000006256260434020e+04
3.999443192821369303e+04
4.000006256260434020e+04
3.999993743739565980e+04
4.001595346410684579e+04
4.003659912353922846e+04
4.002358610183639394e+04
4.000006256260434020e+04
3.996690438230384461e+04
4.000006256260434020e+04
4.000006256260434020e+04
4.003672424874791614e+04
4.000006256260434020e+04
4.000006256260434020e+04
3.999993743739565980e+04
4.002296047579299193e+04
4.000018768781302060e+04
4.000018768781302060e+04
3.999993743739565980e+04
4.000006256260434020e+04
4.000006256260434020e+04
4.000006256260434020e+04
4.000006256260434020e+04
3.997741489983305655e+04
3.997078326377295889e+04
4.000006256260434020e+04
4.000006256260434020e+04
4.000006256260434020e+04
3.999005254590984987e+04
4.000006256260434020e+04
4.000006256260434020e+04
4.000006256260434020e+04
4.000006256260434020e+04
4.003609862270450685e+04
4.000006256260434020e+04
4.000006256260434020e+04
3.999993743739565980e+04
4.002483735392321250e+04
4.000018768781302060e+04
4.000006256260434020e+04
3.997403651919866388e+04
3.999993743739565980e+04
3.999993743739565980e+04
4.000006256260434020e+04
4.000006256260434020e+04
4.000006256260434020e+04
4.000006256260434020e+04
4.000006256260434020e+04
4.001420171118530561e+04
4.000006256260434020e+04
4.000006256260434020e+04
4.000006256260434020e+04
3.999430680300501263e+04
4.000006256260434020e+04
4.000006256260434020e+04
4.003372124373956467e+04
3.999668418196994753e+04
4.000006256260434020e+04
4.000006256260434020e+04
3.996878126043405064e+04
4.000006256260434020e+04
4.003234486644407298e+04
3.999993743739565980e+04
4.000006256260434020e+04
4.000006256260434020e+04
4.000006256260434020e+04
4.000006256260434020e+04
4.000006256260434020e+04
4.000043793823038141e+04
4.000006256260434020e+04
4.000006256260434020e+04
4.000006256260434020e+04
4.001182433222037071e+04
4.000006256260434020e+04
4.002033284641068167e+04
4.000018768781302060e+04
4.000006256260434020e+04
4.000006256260434020e+04
4.000006256260434020e+04
4.000006256260434020e+04
3.996978226210350840e+04
4.000006256260434020e+04
4.000006256260434020e+04
4.000006256260434020e+04
4.000006256260434020e+04
4.000006256260434020e+04
3.999818568447412690e+04
4.000006256260434020e+04
4.003259511686143378e+04
3.997754002504173695e+04
4.000006256260434020e+04
4.000006256260434020e+04
4.001507758764607570e+04
4.000006256260434020e+04
4.000006256260434020e+04
3.997165914023372170e+04
4.000043793823038141e+04
4.000006256260434020e+04
4.000006256260434020e+04
4.000018768781302060e+04
3.999430680300501263e+04
4.000006256260434020e+04
4.000006256260434020e+04
4.000006256260434020e+04
3.998267015859766252e+04
4.000006256260434020e+04
4.000006256260434020e+04
4.000006256260434020e+04
4.002383635225375474e+04
4.000018768781302060e+04
4.000006256260434020e+04
3.998429678631051502e+04
4.000006256260434020e+04
4.000006256260434020e+04
3.997416164440734428e+04
4.000006256260434020e+04
4.002283535058430425e+04
4.000006256260434020e+04
4.000006256260434020e+04
4.000006256260434020e+04
4.000006256260434020e+04
4.000006256260434020e+04
4.000006256260434020e+04
4.000006256260434020e+04
4.000006256260434020e+04
4.000006256260434020e+04
4.000006256260434020e+04
4.000006256260434020e+04
4.000006256260434020e+04
4.000006256260434020e+04
4.000006256260434020e+04
4.000006256260434020e+04
4.000006256260434020e+04
3.998229478297162132e+04
4.000006256260434020e+04
3.999643393155258673e+04
3.997741489983305655e+04
4.000006256260434020e+04
4.000006256260434020e+04
4.000006256260434020e+04
3.999993743739565980e+04
4.000006256260434020e+04
4.000006256260434020e+04
4.002145897328881256e+04
3.997103351419031969e+04
4.000006256260434020e+04
4.000006256260434020e+04
4.000006256260434020e+04
4.002984236227045039e+04
4.001119870617696142e+04
4.000006256260434020e+04
4.000056306343906181e+04
4.000006256260434020e+04
4.000006256260434020e+04
3.998592341402336751e+04
4.000006256260434020e+04
4.000006256260434020e+04
4.000006256260434020e+04
4.003434686978296668e+04
4.000006256260434020e+04
4.000006256260434020e+04
4.002008259599332814e+04
4.000006256260434020e+04
3.999993743739565980e+04
4.000006256260434020e+04
3.999330580133555486e+04
4.000006256260434020e+04
4.000006256260434020e+04
4.002508760434056603e+04
4.000031281302170100e+04
4.000006256260434020e+04
4.002596348080133612e+04
4.000006256260434020e+04
4.000006256260434020e+04
4.000018768781302060e+04
4.000006256260434020e+04
4.000006256260434020e+04
4.000406656928213488e+04
3.999993743739565980e+04
4.000006256260434020e+04
4.000006256260434020e+04
4.000006256260434020e+04
4.000006256260434020e+04
3.998504753756260470e+04
4.001495246243739530e+04
4.001657909015025507e+04
4.002859111018363910e+04
4.000043793823038141e+04
4.000006256260434020e+04
4.000006256260434020e+04
4.000006256260434020e+04
3.998692441569281800e+04
4.000006256260434020e+04
4.000006256260434020e+04
4.000006256260434020e+04
4.000006256260434020e+04
4.000006256260434020e+04
4.000006256260434020e+04
4.000006256260434020e+04
4.000006256260434020e+04
4.000006256260434020e+04
4.000006256260434020e+04
4.000932182804674812e+04
4.000006256260434020e+04
4.000306556761268439e+04
4.000006256260434020e+04
4.000006256260434020e+04
3.997078326377295889e+04
4.001945696994991886e+04
4.000544294657763385e+04
4.000006256260434020e+04
3.999993743739565980e+04
4.000006256260434020e+04
4.000018768781302060e+04
4.000807057595993683e+04
4.000006256260434020e+04
4.000006256260434020e+04
4.000006256260434020e+04
4.000006256260434020e+04
4.000006256260434020e+04
4.000006256260434020e+04
3.999993743739565980e+04
4.000006256260434020e+04
4.000006256260434020e+04
4.003547299666110484e+04
4.000006256260434020e+04
4.001945696994991886e+04
4.000006256260434020e+04
4.000006256260434020e+04
4.000006256260434020e+04
4.000006256260434020e+04
4.000006256260434020e+04
3.999668418196994753e+04
4.000006256260434020e+04
4.002784035893154942e+04
4.000006256260434020e+04
3.997503752086811437e+04
4.000631882303839666e+04
4.000006256260434020e+04
4.000006256260434020e+04
4.000006256260434020e+04
3.999993743739565980e+04
3.997090838898163202e+04
4.000006256260434020e+04
3.998191940734558011e+04
4.000006256260434020e+04
3.997503752086811437e+04
4.001270020868113352e+04
4.000469219532554416e+04
4.000006256260434020e+04
4.003434686978296668e+04
4.003547299666110484e+04
4.001632883973288699e+04
3.999993743739565980e+04
4.002045797161936935e+04
4.000006256260434020e+04
4.000006256260434020e+04
4.003522274624373676e+04
4.000006256260434020e+04
4.000006256260434020e+04
4.001520271285475610e+04
4.000006256260434020e+04
4.000006256260434020e+04
4.000006256260434020e+04
4.002671423205341853e+04
4.000006256260434020e+04
4.001082333055091294e+04
4.000006256260434020e+04
4.000006256260434020e+04
3.997228476627712371e+04
4.000006256260434020e+04
4.000006256260434020e+04
4.000006256260434020e+04
4.000006256260434020e+04
4.000006256260434020e+04
3.998317065943239140e+04
4.002371122704507434e+04
4.000006256260434020e+04
3.999981231218697940e+04
4.000031281302170100e+04
4.000006256260434020e+04
4.000006256260434020e+04
4.002346097662771353e+04
4.000006256260434020e+04
4.000006256260434020e+04
4.000006256260434020e+04
4.000006256260434020e+04
4.000006256260434020e+04
4.000018768781302060e+04
4.000006256260434020e+04
4.002733985809682781e+04
4.000006256260434020e+04
4.000456707011686376e+04
4.000681932387312554e+04
4.002033284641068167e+04
4.000006256260434020e+04
4.000006256260434020e+04
4.000006256260434020e+04
4.000006256260434020e+04
3.998016765442403994e+04
3.996853101001669711e+04
4.000006256260434020e+04
4.000006256260434020e+04
4.003509762103506364e+04
4.000006256260434020e+04
4.003246999165275338e+04
3.999505755425709503e+04
4.000006256260434020e+04
4.000006256260434020e+04
4.000006256260434020e+04
4.001833084307178797e+04
4.000006256260434020e+04
4.000006256260434020e+04
4.001933184474123118e+04
3.999993743739565980e+04
4.000006256260434020e+04
4.000006256260434020e+04
3.999217967445743125e+04
4.000006256260434020e+04
4.000006256260434020e+04
4.000018768781302060e+04
4.000006256260434020e+04
4.000006256260434020e+04
4.001995747078464046e+04
4.000018768781302060e+04
4.000006256260434020e+04
3.998704954090150568e+04
4.000006256260434020e+04
3.997015763772954961e+04
4.000006256260434020e+04
4.000006256260434020e+04
4.000006256260434020e+04
4.002909161101836798e+04
4.002058309682804247e+04
4.000006256260434020e+04
4.000006256260434020e+04
3.999080329716193955e+04
3.996515262938230444e+04
4.000006256260434020e+04
3.998817566777962929e+04
4.000006256260434020e+04
4.000006256260434020e+04
4.000006256260434020e+04
3.998429678631051502e+04
4.000006256260434020e+04
4.000006256260434020e+04
4.000006256260434020e+04
3.996840588480800943e+04
3.999993743739565980e+04
4.000006256260434020e+04
4.000006256260434020e+04
4.000006256260434020e+04
3.999993743739565980e+04
4.000006256260434020e+04
3.999330580133555486e+04
4.000006256260434020e+04
4.000006256260434020e+04
4.000006256260434020e+04
4.000006256260434020e+04
3.997503752086811437e+04
3.998066815525876882e+04
4.000006256260434020e+04
4.000006256260434020e+04
