3.999861203703704086e+04
3.999306018518518977e+04
3.999028425925926422e+04
3.999306018518518977e+04
4.000416388888888469e+04
3.999861203703704086e+04
4.000693981481481023e+04
3.999028425925926422e+04
4.000971574074073578e+04
4.000416388888888469e+04
3.999306018518518977e+04
3.999306018518518977e+04
3.999861203703704086e+04
3.999306018518518977e+04
3.999861203703704086e+04
3.999861203703704086e+04
3.999028425925926422e+04
4.000693981481481023e+04
3.999306018518518977e+04
3.999861203703704086e+04
3.999861203703704086e+04
4.000971574074073578e+04
3.999028425925926422e+04
4.000971574074073578e+04
3.999306018518518977e+04
4.000693981481481023e+04
4.000971574074073578e+04
3.999583611111111531e+04
4.000416388888888469e+04
4.000971574074073578e+04
4.000138796296295914e+04
3.999028425925926422e+04
3.999583611111111531e+04
3.999028425925926422e+04
4.000693981481481023e+04
4.000138796296295914e+04
4.000693981481481023e+04
4.000971574074073578e+04
4.000138796296295914e+04
4.000138796296295914e+04
3.999861203703704086e+04
4.000416388888888469e+04
3.999861203703704086e+04
4.000971574074073578e+04
4.000693981481481023e+04
3.999306018518518977e+04
4.000971574074073578e+04
4.000693981481481023e+04
3.999583611111111531e+04
3.999306018518518977e+04
3.999306018518518977e+04
4.000138796296295914e+04
4.000693981481481023e+04
3.999861203703704086e+04
3.999306018518518977e+04
3.999583611111111531e+04
4.000971574074073578e+04
3.999861203703704086e+04
3.999028425925926422e+04
3.999861203703704086e+04
3.999583611111111531e+04
4.000416388888888469e+04
4.000416388888888469e+04
4.000971574074073578e+04
4.000416388888888469e+04
3.999583611111111531e+04
3.999583611111111531e+04
3.999306018518518977e+04
4.000138796296295914e+04
3.999861203703704086e+04
3.999028425925926422e+04
3.999306018518518977e+04
4.000416388888888469e+04
4.000693981481481023e+04
4.000693981481481023e+04
4.000138796296295914e+04
3.999861203703704086e+04
4.000138796296295914e+04
3.999306018518518977e+04
3.999583611111111531e+04
4.000138796296295914e+04
4.000693981481481023e+04
4.000416388888888469e+04
3.999861203703704086e+04
3.999583611111111531e+04
3.999306018518518977e+04
3.999028425925926422e+04
4.000693981481481023e+04
3.999861203703704086e+04
3.999861203703704086e+04
4.000971574074073578e+04
4.000138796296295914e+04
3.999028425925926422e+04
4.000416388888888469e+04
3.999861203703704086e+04
3.999583611111111531e+04
3.999583611111111531e+04
3.999583611111111531e+04
3.999306018518518977e+04
3.999861203703704086e+04
4.000971574074073578e+04
3.999583611111111531e+04
4.000971574074073578e+04
3.999861203703704086e+04
4.000138796296295914e+04
4.000138796296295914e+04
3.999583611111111531e+04
4.000138796296295914e+04
4.000693981481481023e+04
3.999028425925926422e+04
3.999028425925926422e+04
3.999028425925926422e+04
4.000416388888888469e+04
3.999583611111111531e+04
3.999306018518518977e+04
3.999028425925926422e+04
3.999306018518518977e+04
3.999306018518518977e+04
3.999306018518518977e+04
3.999583611111111531e+04
3.999583611111111531e+04
4.000416388888888469e+04
4.000693981481481023e+04
4.000693981481481023e+04
4.000416388888888469e+04
4.000138796296295914e+04
4.000971574074073578e+04
3.999583611111111531e+04
3.999306018518518977e+04
3.999306018518518977e+04
4.000971574074073578e+04
3.999306018518518977e+04
4.000416388888888469e+04
4.000693981481481023e+04
3.999583611111111531e+04
4.000971574074073578e+04
3.999028425925926422e+04
4.000416388888888469e+04
4.000138796296295914e+04
4.000138796296295914e+04
3.999583611111111531e+04
3.999028425925926422e+04
4.000971574074073578e+04
4.000693981481481023e+04
3.999583611111111531e+04
3.999028425925926422e+04
4.000416388888888469e+04
4.000138796296295914e+04
4.000416388888888469e+04
3.999861203703704086e+04
3.999028425925926422e+04
3.999861203703704086e+04
3.999583611111111531e+04
4.000138796296295914e+04
3.999861203703704086e+04
4.000416388888888469e+04
3.999861203703704086e+04
3.999306018518518977e+04
3.999861203703704086e+04
3.999306018518518977e+04
3.999028425925926422e+04
4.000416388888888469e+04
3.999306018518518977e+04
4.000416388888888469e+04
3.999861203703704086e+04
4.000138796296295914e+04
3.999583611111111531e+04
3.999306018518518977e+04
3.999028425925926422e+04
4.000138796296295914e+04
4.000138796296295914e+04
3.999306018518518977e+04
4.000138796296295914e+04
3.999861203703704086e+04
4.000971574074073578e+04
4.000138796296295914e+04
4.000138796296295914e+04
3.999583611111111531e+04
4.000971574074073578e+04
3.999861203703704086e+04
3.999306018518518977e+04
4.000416388888888469e+04
4.000693981481481023e+04
3.999306018518518977e+04
3.999306018518518977e+04
4.000416388888888469e+04
4.000971574074073578e+04
4.000138796296295914e+04
4.000138796296295914e+04
4.000971574074073578e+04
3.999306018518518977e+04
4.000416388888888469e+04
4.000138796296295914e+04
3.999583611111111531e+04
4.000138796296295914e+04
3.999583611111111531e+04
3.999861203703704086e+04
4.000693981481481023e+04
4.000971574074073578e+04
4.000971574074073578e+04
3.999583611111111531e+04
4.000693981481481023e+04
4.000138796296295914e+04
4.000971574074073578e+04
4.000138796296295914e+04
4.000416388888888469e+04
3.999861203703704086e+04
3.999306018518518977e+04
4.000416388888888469e+04
3.999861203703704086e+04
4.000138796296295914e+04
4.000971574074073578e+04
3.999028425925926422e+04
4.000138796296295914e+04
4.000138796296295914e+04
4.000138796296295914e+04
4.000416388888888469e+04
4.000693981481481023e+04
4.000693981481481023e+04
3.999306018518518977e+04
4.000693981481481023e+04
4.000138796296295914e+04
3.999028425925926422e+04
4.000971574074073578e+04
3.999028425925926422e+04
3.999306018518518977e+04
4.000971574074073578e+04
3.999028425925926422e+04
4.000416388888888469e+04
3.999861203703704086e+04
4.000416388888888469e+04
4.000693981481481023e+04
3.999306018518518977e+04
4.000693981481481023e+04
3.999028425925926422e+04
3.999306018518518977e+04
3.999861203703704086e+04
4.000416388888888469e+04
4.000138796296295914e+04
3.999583611111111531e+04
4.000971574074073578e+04
3.999306018518518977e+04
4.000693981481481023e+04
4.000971574074073578e+04
3.999306018518518977e+04
3.999861203703704086e+04
3.999028425925926422e+04
4.000693981481481023e+04
4.000693981481481023e+04
3.999861203703704086e+04
3.999306018518518977e+04
4.000971574074073578e+04
3.999306018518518977e+04
3.999861203703704086e+04
4.000971574074073578e+04
4.000138796296295914e+04
3.999028425925926422e+04
4.000971574074073578e+04
4.000693981481481023e+04
4.000138796296295914e+04
4.000416388888888469e+04
4.000138796296295914e+04
3.999583611111111531e+04
4.000693981481481023e+04
4.000971574074073578e+04
3.999861203703704086e+04
3.999306018518518977e+04
3.999583611111111531e+04
3.999028425925926422e+04
3.999028425925926422e+04
4.000693981481481023e+04
4.000138796296295914e+04
3.999583611111111531e+04
4.000416388888888469e+04
3.999583611111111531e+04
4.000693981481481023e+04
3.999861203703704086e+04
3.999861203703704086e+04
3.999028425925926422e+04
3.999861203703704086e+04
3.999028425925926422e+04
3.999028425925926422e+04
4.000138796296295914e+04
3.999861203703704086e+04
4.000138796296295914e+04
4.000693981481481023e+04
3.999583611111111531e+04
3.999861203703704086e+04
4.000416388888888469e+04
3.999028425925926422e+04
4.000971574074073578e+04
3.999861203703704086e+04
4.000416388888888469e+04
4.000138796296295914e+04
3.999861203703704086e+04
3.999861203703704086e+04
3.999861203703704086e+04
4.000971574074073578e+04
4.000971574074073578e+04
4.000138796296295914e+04
3.999028425925926422e+04
4.000693981481481023e+04
3.999583611111111531e+04
3.999861203703704086e+04
3.999306018518518977e+04
4.000416388888888469e+04
3.999861203703704086e+04
4.000138796296295914e+04
3.999583611111111531e+04
4.000971574074073578e+04
3.999306018518518977e+04
3.999583611111111531e+04
4.000416388888888469e+04
3.999028425925926422e+04
4.000416388888888469e+04
3.999306018518518977e+04
3.999306018518518977e+04
3.999861203703704086e+04
4.000971574074073578e+04
4.000693981481481023e+04
3.999028425925926422e+04
4.000693981481481023e+04
3.999028425925926422e+04
3.999861203703704086e+04
3.999861203703704086e+04
3.999583611111111531e+04
3.999861203703704086e+04
3.999583611111111531e+04
3.999028425925926422e+04
4.000693981481481023e+04
4.000693981481481023e+04
3.999028425925926422e+04
3.999583611111111531e+04
4.000693981481481023e+04
4.000971574074073578e+04
4.000971574074073578e+04
4.000138796296295914e+04
4.000971574074073578e+04
3.999306018518518977e+04
4.000693981481481023e+04
3.999861203703704086e+04
3.999583611111111531e+04
4.000138796296295914e+04
3.999028425925926422e+04
3.999306018518518977e+04
4.000693981481481023e+04
3.999861203703704086e+04
4.000693981481481023e+04
3.999861203703704086e+04
4.000971574074073578e+04
4.000138796296295914e+04
4.000138796296295914e+04
4.000693981481481023e+04
3.999028425925926422e+04
4.000416388888888469e+04
4.000693981481481023e+04
3.999306018518518977e+04
3.999861203703704086e+04
4.000138796296295914e+04
4.000416388888888469e+04
3.999028425925926422e+04
4.000416388888888469e+04
4.000971574074073578e+04
3.999583611111111531e+04
4.000138796296295914e+04
4.000138796296295914e+04
4.000138796296295914e+04
4.000416388888888469e+04
4.000693981481481023e+04
3.999861203703704086e+04
4.000971574074073578e+04
4.000971574074073578e+04
3.999306018518518977e+04
3.999861203703704086e+04
4.000416388888888469e+04
3.999861203703704086e+04
4.000416388888888469e+04
4.000693981481481023e+04
4.000693981481481023e+04
4.000693981481481023e+04
3.999861203703704086e+04
3.999306018518518977e+04
4.000693981481481023e+04
4.000693981481481023e+04
3.999306018518518977e+04
4.000416388888888469e+04
4.000693981481481023e+04
4.000416388888888469e+04
3.999861203703704086e+04
4.000971574074073578e+04
3.999028425925926422e+04
4.000138796296295914e+04
3.999583611111111531e+04
3.999028425925926422e+04
4.000693981481481023e+04
3.999583611111111531e+04
4.000416388888888469e+04
3.999583611111111531e+04
3.999306018518518977e+04
3.999583611111111531e+04
