3.999989795918367452e+00
3.999887755102041087e+00
3.999989795918367452e+00
3.999948979591836817e+00
4.000010204081632992e+00
4.000051020408163183e+00
3.999989795918367452e+00
3.999969387755102357e+00
4.000030612244898087e+00
3.999969387755102357e+00
4.000234693877550818e+00
3.999928571428571722e+00
4.000010204081632992e+00
4.000112244897959357e+00
4.000173469387755532e+00
4.000030612244898087e+00
3.999928571428571722e+00
4.000071428571428278e+00
4.000030612244898087e+00
4.000091836734694262e+00
3.999908163265306182e+00
4.000030612244898087e+00
4.000030612244898087e+00
3.999948979591836817e+00
4.000030612244898087e+00
3.999969387755102357e+00
3.999928571428571722e+00
4.000030612244898087e+00
3.999846938775510452e+00
3.999908163265306182e+00
3.999908163265306182e+00
4.000010204081632992e+00
3.999806122448979817e+00
4.000030612244898087e+00
3.999948979591836817e+00
3.999948979591836817e+00
3.999969387755102357e+00
3.999826530612244913e+00
4.000010204081632992e+00
3.999928571428571722e+00
4.000030612244898087e+00
4.000173469387755532e+00
3.999989795918367452e+00
3.999948979591836817e+00
3.999989795918367452e+00
3.999785714285714278e+00
3.999989795918367452e+00
3.999989795918367452e+00
4.000030612244898087e+00
3.999928571428571722e+00
3.999948979591836817e+00
4.000030612244898087e+00
3.999989795918367452e+00
4.000173469387755532e+00
4.000051020408163183e+00
4.000091836734694262e+00
3.999887755102041087e+00
3.999867346938775547e+00
4.000051020408163183e+00
4.000173469387755532e+00
4.000071428571428278e+00
3.999908163265306182e+00
4.000071428571428278e+00
3.999928571428571722e+00
3.999785714285714278e+00
4.000030612244898087e+00
3.999989795918367452e+00
3.999969387755102357e+00
3.999928571428571722e+00
4.000051020408163183e+00
4.000132653061224453e+00
4.000030612244898087e+00
4.000030612244898087e+00
4.000091836734694262e+00
3.999846938775510452e+00
3.999928571428571722e+00
3.999989795918367452e+00
3.999989795918367452e+00
3.999948979591836817e+00
4.000091836734694262e+00
4.000091836734694262e+00
4.000091836734694262e+00
3.999969387755102357e+00
3.999928571428571722e+00
3.999928571428571722e+00
3.999928571428571722e+00
3.999948979591836817e+00
4.000091836734694262e+00
4.000091836734694262e+00
3.999969387755102357e+00
3.999908163265306182e+00
3.999989795918367452e+00
3.999928571428571722e+00
3.999948979591836817e+00
4.000091836734694262e+00
4.000010204081632992e+00
4.000091836734694262e+00
3.999989795918367452e+00
4.000030612244898087e+00
4.000010204081632992e+00
4.000051020408163183e+00
3.999948979591836817e+00
3.999908163265306182e+00
3.999989795918367452e+00
3.999908163265306182e+00
4.000010204081632992e+00
3.999989795918367452e+00
3.999989795918367452e+00
3.999969387755102357e+00
3.999724489795918547e+00
3.999989795918367452e+00
4.000234693877550818e+00
4.000010204081632992e+00
3.999928571428571722e+00
4.000091836734694262e+00
4.000091836734694262e+00
4.000275510204081897e+00
3.999928571428571722e+00
4.000071428571428278e+00
4.000051020408163183e+00
3.999887755102041087e+00
3.999989795918367452e+00
4.000051020408163183e+00
4.000091836734694262e+00
4.000071428571428278e+00
3.999948979591836817e+00
4.000010204081632992e+00
3.999928571428571722e+00
4.000051020408163183e+00
4.000010204081632992e+00
4.000030612244898087e+00
3.999989795918367452e+00
3.999887755102041087e+00
4.000112244897959357e+00
4.000234693877550818e+00
4.000091836734694262e+00
3.999908163265306182e+00
4.000091836734694262e+00
3.999989795918367452e+00
3.999928571428571722e+00
3.999867346938775547e+00
4.000051020408163183e+00
4.000051020408163183e+00
3.999969387755102357e+00
3.999969387755102357e+00
4.000030612244898087e+00
4.000051020408163183e+00
4.000091836734694262e+00
4.000051020408163183e+00
4.000091836734694262e+00
3.999948979591836817e+00
3.999989795918367452e+00
4.000010204081632992e+00
4.000030612244898087e+00
4.000214285714285722e+00
3.999867346938775547e+00
3.999969387755102357e+00
4.000030612244898087e+00
4.000051020408163183e+00
3.999948979591836817e+00
3.999948979591836817e+00
3.999948979591836817e+00
4.000071428571428278e+00
3.999908163265306182e+00
3.999989795918367452e+00
4.000010204081632992e+00
3.999928571428571722e+00
4.000010204081632992e+00
3.999887755102041087e+00
4.000071428571428278e+00
4.000051020408163183e+00
4.000112244897959357e+00
3.999928571428571722e+00
3.999928571428571722e+00
4.000051020408163183e+00
3.999887755102041087e+00
4.000193877551020627e+00
4.000051020408163183e+00
3.999806122448979817e+00
4.000030612244898087e+00
3.999826530612244913e+00
4.000051020408163183e+00
3.999969387755102357e+00
3.999867346938775547e+00
4.000030612244898087e+00
4.000030612244898087e+00
3.999887755102041087e+00
3.999989795918367452e+00
3.999989795918367452e+00
3.999989795918367452e+00
4.000071428571428278e+00
4.000051020408163183e+00
4.000010204081632992e+00
3.999969387755102357e+00
3.999969387755102357e+00
3.999806122448979817e+00
4.000071428571428278e+00
3.999989795918367452e+00
4.000071428571428278e+00
4.000091836734694262e+00
4.000255102040816801e+00
3.999969387755102357e+00
4.000071428571428278e+00
3.999887755102041087e+00
3.999908163265306182e+00
3.999969387755102357e+00
4.000071428571428278e+00
4.000255102040816801e+00
4.000051020408163183e+00
4.000071428571428278e+00
3.999826530612244913e+00
4.000051020408163183e+00
3.999969387755102357e+00
4.000030612244898087e+00
4.000071428571428278e+00
3.999969387755102357e+00
3.999969387755102357e+00
4.000153061224489548e+00
4.000071428571428278e+00
4.000051020408163183e+00
3.999887755102041087e+00
4.000112244897959357e+00
4.000091836734694262e+00
4.000051020408163183e+00
3.999826530612244913e+00
4.000030612244898087e+00
3.999969387755102357e+00
4.000030612244898087e+00
4.000071428571428278e+00
4.000010204081632992e+00
3.999867346938775547e+00
4.000153061224489548e+00
3.999908163265306182e+00
4.000071428571428278e+00
3.999887755102041087e+00
4.000071428571428278e+00
4.000091836734694262e+00
4.000030612244898087e+00
4.000091836734694262e+00
3.999969387755102357e+00
4.000071428571428278e+00
4.000051020408163183e+00
3.999908163265306182e+00
3.999928571428571722e+00
4.000010204081632992e+00
3.999948979591836817e+00
4.000030612244898087e+00
4.000071428571428278e+00
4.000091836734694262e+00
3.999969387755102357e+00
3.999989795918367452e+00
3.999928571428571722e+00
4.000030612244898087e+00
4.000071428571428278e+00
4.000071428571428278e+00
4.000010204081632992e+00
3.999989795918367452e+00
3.999928571428571722e+00
3.999867346938775547e+00
4.000010204081632992e+00
3.999887755102041087e+00
3.999948979591836817e+00
4.000091836734694262e+00
4.000071428571428278e+00
4.000091836734694262e+00
4.000091836734694262e+00
4.000071428571428278e+00
4.000071428571428278e+00
3.999989795918367452e+00
3.999826530612244913e+00
3.999969387755102357e+00
3.999948979591836817e+00
4.000010204081632992e+00
3.999928571428571722e+00
4.000071428571428278e+00
4.000010204081632992e+00
3.999948979591836817e+00
4.000051020408163183e+00
3.999969387755102357e+00
4.000112244897959357e+00
3.999989795918367452e+00
4.000132653061224453e+00
3.999989795918367452e+00
3.999928571428571722e+00
3.999948979591836817e+00
3.999948979591836817e+00
3.999948979591836817e+00
4.000051020408163183e+00
3.999989795918367452e+00
3.999948979591836817e+00
3.999948979591836817e+00
4.000091836734694262e+00
4.000071428571428278e+00
4.000091836734694262e+00
4.000091836734694262e+00
3.999989795918367452e+00
4.000071428571428278e+00
3.999846938775510452e+00
4.000010204081632992e+00
3.999969387755102357e+00
3.999989795918367452e+00
3.999908163265306182e+00
4.000071428571428278e+00
3.999928571428571722e+00
4.000051020408163183e+00
4.000030612244898087e+00
4.000010204081632992e+00
4.000112244897959357e+00
4.000071428571428278e+00
4.000071428571428278e+00
4.000112244897959357e+00
3.999928571428571722e+00
4.000010204081632992e+00
4.000051020408163183e+00
4.000071428571428278e+00
3.999989795918367452e+00
4.000071428571428278e+00
4.000071428571428278e+00
3.999867346938775547e+00
4.000071428571428278e+00
4.000234693877550818e+00
4.000091836734694262e+00
3.999969387755102357e+00
4.000071428571428278e+00
4.000132653061224453e+00
3.999928571428571722e+00
3.999969387755102357e+00
3.999908163265306182e+00
4.000091836734694262e+00
3.999928571428571722e+00
4.000071428571428278e+00
4.000010204081632992e+00
3.999969387755102357e+00
3.999989795918367452e+00
3.999928571428571722e+00
3.999908163265306182e+00
3.999846938775510452e+00
3.999948979591836817e+00
4.000071428571428278e+00
4.000112244897959357e+00
3.999908163265306182e+00
3.999948979591836817e+00
4.000173469387755532e+00
4.000010204081632992e+00
4.000030612244898087e+00
4.000010204081632992e+00
4.000051020408163183e+00
3.999969387755102357e+00
3.999989795918367452e+00
3.999928571428571722e+00
3.999948979591836817e+00
4.000071428571428278e+00
4.000071428571428278e+00
4.000010204081632992e+00
3.999928571428571722e+00
4.000010204081632992e+00
3.999948979591836817e+00
3.999928571428571722e+00
4.000051020408163183e+00
4.000010204081632992e+00
4.000051020408163183e+00
3.999908163265306182e+00
4.000030612244898087e+00
4.000010204081632992e+00
3.999948979591836817e+00
3.999989795918367452e+00
4.000010204081632992e+00
4.000112244897959357e+00
3.999908163265306182e+00
3.999989795918367452e+00
4.000010204081632992e+00
4.000051020408163183e+00
3.999826530612244913e+00
4.000051020408163183e+00
3.999969387755102357e+00
4.000010204081632992e+00
3.999928571428571722e+00
4.000010204081632992e+00
4.000010204081632992e+00
3.999989795918367452e+00
4.000051020408163183e+00
4.000071428571428278e+00
4.000051020408163183e+00
4.000071428571428278e+00
4.000091836734694262e+00
4.000010204081632992e+00
4.000010204081632992e+00
3.999969387755102357e+00
4.000010204081632992e+00
4.000051020408163183e+00
3.999867346938775547e+00
4.000010204081632992e+00
3.999826530612244913e+00
4.000051020408163183e+00
3.999928571428571722e+00
4.000234693877550818e+00
4.000091836734694262e+00
3.999928571428571722e+00
4.000010204081632992e+00
3.999928571428571722e+00
3.999846938775510452e+00
3.999969387755102357e+00
3.999969387755102357e+00
4.000071428571428278e+00
4.000051020408163183e+00
3.999806122448979817e+00
3.999928571428571722e+00
3.999948979591836817e+00
3.999826530612244913e+00
4.000091836734694262e+00
3.999908163265306182e+00
4.000112244897959357e+00
4.000051020408163183e+00
3.999948979591836817e+00
3.999928571428571722e+00
4.000051020408163183e+00
4.000030612244898087e+00
4.000030612244898087e+00
4.000010204081632992e+00
4.000091836734694262e+00
3.999867346938775547e+00
4.000051020408163183e+00
4.000112244897959357e+00
3.999928571428571722e+00
4.000071428571428278e+00
3.999969387755102357e+00
4.000010204081632992e+00
4.000051020408163183e+00
3.999969387755102357e+00
3.999908163265306182e+00
4.000010204081632992e+00
3.999969387755102357e+00
3.999989795918367452e+00
3.999928571428571722e+00
3.999969387755102357e+00
3.999989795918367452e+00
3.999846938775510452e+00
4.000051020408163183e+00
4.000071428571428278e+00
3.999948979591836817e+00
3.999928571428571722e+00
4.000091836734694262e+00
3.999826530612244913e+00
4.000030612244898087e+00
4.000071428571428278e+00
3.999887755102041087e+00
3.999969387755102357e+00
3.999928571428571722e+00
4.000010204081632992e+00
3.999908163265306182e+00
3.999989795918367452e+00
3.999989795918367452e+00
3.999846938775510452e+00
3.999989795918367452e+00
4.000030612244898087e+00
3.999908163265306182e+00
3.999989795918367452e+00
4.000091836734694262e+00
3.999928571428571722e+00
3.999969387755102357e+00
3.999826530612244913e+00
3.999928571428571722e+00
4.000030612244898087e+00
3.999826530612244913e+00
3.999989795918367452e+00
3.999908163265306182e+00
3.999969387755102357e+00
3.999908163265306182e+00
4.000051020408163183e+00
4.000091836734694262e+00
3.999969387755102357e+00
4.000091836734694262e+00
4.000010204081632992e+00
4.000153061224489548e+00
4.000071428571428278e+00
3.999928571428571722e+00
4.000071428571428278e+00
3.999867346938775547e+00
3.999969387755102357e+00
4.000091836734694262e+00
3.999867346938775547e+00
3.999724489795918547e+00
4.000071428571428278e+00
4.000071428571428278e+00
4.000132653061224453e+00
3.999887755102041087e+00
4.000030612244898087e+00
4.000091836734694262e+00
4.000071428571428278e+00
4.000010204081632992e+00
3.999948979591836817e+00
3.999826530612244913e+00
3.999908163265306182e+00
4.000091836734694262e+00
4.000030612244898087e+00
4.000091836734694262e+00
3.999908163265306182e+00
4.000112244897959357e+00
3.999806122448979817e+00
4.000091836734694262e+00
4.000071428571428278e+00
4.000193877551020627e+00
4.000051020408163183e+00
3.999846938775510452e+00
3.999948979591836817e+00
4.000010204081632992e+00
4.000030612244898087e+00
4.000091836734694262e+00
3.999928571428571722e+00
4.000010204081632992e+00
3.999969387755102357e+00
3.999908163265306182e+00
4.000173469387755532e+00
4.000091836734694262e+00
4.000071428571428278e+00
4.000234693877550818e+00
3.999846938775510452e+00
3.999969387755102357e+00
4.000091836734694262e+00
4.000071428571428278e+00
3.999989795918367452e+00
4.000010204081632992e+00
3.999948979591836817e+00
4.000112244897959357e+00
4.000234693877550818e+00
3.999928571428571722e+00
4.000132653061224453e+00
4.000030612244898087e+00
4.000051020408163183e+00
4.000010204081632992e+00
4.000010204081632992e+00
4.000091836734694262e+00
3.999908163265306182e+00
3.999969387755102357e+00
3.999989795918367452e+00
3.999908163265306182e+00
3.999969387755102357e+00
4.000071428571428278e+00
4.000112244897959357e+00
3.999928571428571722e+00
4.000010204081632992e+00
4.000091836734694262e+00
3.999826530612244913e+00
4.000071428571428278e+00
3.999785714285714278e+00
4.000071428571428278e+00
4.000214285714285722e+00
4.000051020408163183e+00
4.000010204081632992e+00
4.000030612244898087e+00
3.999887755102041087e+00
3.999908163265306182e+00
3.999989795918367452e+00
3.999887755102041087e+00
3.999989795918367452e+00
4.000051020408163183e+00
4.000030612244898087e+00
3.999969387755102357e+00
4.000336734693877183e+00
4.000091836734694262e+00
3.999806122448979817e+00
3.999928571428571722e+00
4.000010204081632992e+00
4.000234693877550818e+00
4.000030612244898087e+00
3.999928571428571722e+00
3.999928571428571722e+00
4.000010204081632992e+00
4.000132653061224453e+00
3.999948979591836817e+00
4.000030612244898087e+00
3.999908163265306182e+00
4.000030612244898087e+00
4.000010204081632992e+00
3.999989795918367452e+00
4.000051020408163183e+00
3.999744897959183643e+00
4.000091836734694262e+00
3.999928571428571722e+00
3.999867346938775547e+00
3.999928571428571722e+00
4.000071428571428278e+00
4.000030612244898087e+00
4.000010204081632992e+00
4.000030612244898087e+00
4.000051020408163183e+00
3.999969387755102357e+00
3.999867346938775547e+00
4.000051020408163183e+00
4.000051020408163183e+00
4.000030612244898087e+00
4.000091836734694262e+00
3.999989795918367452e+00
4.000091836734694262e+00
4.000010204081632992e+00
4.000051020408163183e+00
3.999908163265306182e+00
4.000051020408163183e+00
4.000010204081632992e+00
4.000091836734694262e+00
3.999989795918367452e+00
4.000071428571428278e+00
3.999928571428571722e+00
3.999867346938775547e+00
3.999908163265306182e+00
3.999948979591836817e+00
3.999989795918367452e+00
4.000071428571428278e+00
4.000255102040816801e+00
4.000030612244898087e+00
4.000091836734694262e+00
4.000153061224489548e+00
3.999928571428571722e+00
3.999989795918367452e+00
3.999948979591836817e+00
4.000091836734694262e+00
4.000051020408163183e+00
4.000030612244898087e+00
4.000071428571428278e+00
3.999908163265306182e+00
3.999989795918367452e+00
3.999989795918367452e+00
3.999928571428571722e+00
4.000030612244898087e+00
4.000071428571428278e+00
3.999887755102041087e+00
4.000071428571428278e+00
3.999928571428571722e+00
3.999948979591836817e+00
3.999928571428571722e+00
3.999928571428571722e+00
4.000051020408163183e+00
3.999908163265306182e+00
3.999887755102041087e+00
4.000091836734694262e+00
3.999928571428571722e+00
3.999969387755102357e+00
4.000112244897959357e+00
3.999908163265306182e+00
3.999846938775510452e+00
3.999826530612244913e+00
4.000051020408163183e+00
4.000051020408163183e+00
3.999928571428571722e+00
3.999908163265306182e+00
4.000010204081632992e+00
4.000051020408163183e+00
4.000112244897959357e+00
4.000051020408163183e+00
3.999948979591836817e+00
3.999969387755102357e+00
3.999948979591836817e+00
3.999989795918367452e+00
4.000153061224489548e+00
3.999908163265306182e+00
3.999887755102041087e+00
4.000071428571428278e+00
3.999887755102041087e+00
4.000234693877550818e+00
4.000030612244898087e+00
3.999928571428571722e+00
4.000132653061224453e+00
3.999989795918367452e+00
3.999846938775510452e+00
3.999867346938775547e+00
3.999908163265306182e+00
4.000051020408163183e+00
3.999867346938775547e+00
4.000153061224489548e+00
4.000071428571428278e+00
3.999948979591836817e+00
3.999948979591836817e+00
3.999867346938775547e+00
3.999948979591836817e+00
3.999908163265306182e+00
4.000132653061224453e+00
3.999908163265306182e+00
4.000091836734694262e+00
3.999908163265306182e+00
3.999908163265306182e+00
3.999826530612244913e+00
3.999663265306122373e+00
4.000010204081632992e+00
4.000091836734694262e+00
3.999989795918367452e+00
4.000030612244898087e+00
3.999989795918367452e+00
3.999867346938775547e+00
3.999989795918367452e+00
4.000010204081632992e+00
4.000030612244898087e+00
4.000071428571428278e+00
4.000010204081632992e+00
4.000010204081632992e+00
4.000071428571428278e+00
3.999989795918367452e+00
4.000010204081632992e+00
3.999744897959183643e+00
3.999969387755102357e+00
3.999948979591836817e+00
3.999948979591836817e+00
3.999989795918367452e+00
3.999969387755102357e+00
3.999928571428571722e+00
3.999928571428571722e+00
3.999989795918367452e+00
4.000030612244898087e+00
4.000010204081632992e+00
3.999948979591836817e+00
4.000091836734694262e+00
3.999989795918367452e+00
4.000112244897959357e+00
3.999846938775510452e+00
4.000010204081632992e+00
4.000112244897959357e+00
4.000010204081632992e+00
4.000010204081632992e+00
3.999908163265306182e+00
3.999948979591836817e+00
3.999989795918367452e+00
4.000010204081632992e+00
3.999908163265306182e+00
3.999989795918367452e+00
3.999948979591836817e+00
3.999989795918367452e+00
3.999969387755102357e+00
4.000112244897959357e+00
3.999969387755102357e+00
3.999969387755102357e+00
3.999826530612244913e+00
4.000030612244898087e+00
4.000091836734694262e+00
4.000030612244898087e+00
4.000051020408163183e+00
4.000030612244898087e+00
4.000010204081632992e+00
3.999989795918367452e+00
4.000051020408163183e+00
3.999785714285714278e+00
4.000051020408163183e+00
4.000071428571428278e+00
4.000010204081632992e+00
4.000153061224489548e+00
4.000071428571428278e+00
4.000071428571428278e+00
4.000071428571428278e+00
3.999969387755102357e+00
4.000030612244898087e+00
3.999887755102041087e+00
4.000071428571428278e+00
3.999826530612244913e+00
3.999928571428571722e+00
4.000030612244898087e+00
4.000091836734694262e+00
4.000071428571428278e+00
3.999948979591836817e+00
3.999948979591836817e+00
3.999989795918367452e+00
4.000010204081632992e+00
3.999948979591836817e+00
3.999989795918367452e+00
3.999928571428571722e+00
4.000051020408163183e+00
4.000030612244898087e+00
3.999969387755102357e+00
4.000091836734694262e+00
4.000214285714285722e+00
3.999989795918367452e+00
4.000071428571428278e+00
4.000030612244898087e+00
3.999948979591836817e+00
3.999969387755102357e+00
3.999989795918367452e+00
4.000255102040816801e+00
3.999928571428571722e+00
4.000030612244898087e+00
4.000071428571428278e+00
4.000010204081632992e+00
4.000071428571428278e+00
4.000030612244898087e+00
4.000030612244898087e+00
3.999969387755102357e+00
3.999948979591836817e+00
3.999989795918367452e+00
4.000132653061224453e+00
3.999887755102041087e+00
4.000051020408163183e+00
4.000030612244898087e+00
4.000030612244898087e+00
3.999969387755102357e+00
3.999724489795918547e+00
4.000071428571428278e+00
3.999989795918367452e+00
3.999969387755102357e+00
4.000030612244898087e+00
3.999908163265306182e+00
3.999948979591836817e+00
3.999867346938775547e+00
4.000051020408163183e+00
3.999908163265306182e+00
3.999948979591836817e+00
4.000112244897959357e+00
3.999908163265306182e+00
3.999969387755102357e+00
4.000071428571428278e+00
4.000010204081632992e+00
3.999908163265306182e+00
4.000193877551020627e+00
4.000071428571428278e+00
4.000051020408163183e+00
3.999928571428571722e+00
4.000071428571428278e+00
4.000071428571428278e+00
3.999948979591836817e+00
3.999908163265306182e+00
4.000051020408163183e+00
4.000051020408163183e+00
4.000214285714285722e+00
4.000010204081632992e+00
4.000030612244898087e+00
4.000030612244898087e+00
4.000010204081632992e+00
3.999948979591836817e+00
3.999948979591836817e+00
4.000010204081632992e+00
4.000112244897959357e+00
3.999826530612244913e+00
4.000112244897959357e+00
3.999969387755102357e+00
4.000010204081632992e+00
3.999989795918367452e+00
3.999948979591836817e+00
3.999989795918367452e+00
3.999989795918367452e+00
3.999887755102041087e+00
4.000010204081632992e+00
3.999948979591836817e+00
4.000030612244898087e+00
4.000132653061224453e+00
3.999928571428571722e+00
3.999867346938775547e+00
4.000071428571428278e+00
4.000071428571428278e+00
3.999989795918367452e+00
3.999989795918367452e+00
4.000091836734694262e+00
3.999908163265306182e+00
3.999969387755102357e+00
4.000030612244898087e+00
3.999948979591836817e+00
3.999928571428571722e+00
4.000010204081632992e+00
3.999948979591836817e+00
4.000071428571428278e+00
3.999989795918367452e+00
4.000051020408163183e+00
3.999887755102041087e+00
3.999887755102041087e+00
4.000010204081632992e+00
4.000030612244898087e+00
4.000030612244898087e+00
3.999908163265306182e+00
4.000030612244898087e+00
4.000030612244898087e+00
4.000051020408163183e+00
3.999969387755102357e+00
4.000051020408163183e+00
3.999908163265306182e+00
3.999948979591836817e+00
3.999969387755102357e+00
3.999908163265306182e+00
3.999948979591836817e+00
3.999928571428571722e+00
4.000051020408163183e+00
3.999948979591836817e+00
4.000132653061224453e+00
4.000030612244898087e+00
3.999989795918367452e+00
3.999969387755102357e+00
4.000010204081632992e+00
3.999989795918367452e+00
4.000051020408163183e+00
3.999969387755102357e+00
3.999928571428571722e+00
4.000051020408163183e+00
4.000051020408163183e+00
4.000030612244898087e+00
3.999908163265306182e+00
4.000030612244898087e+00
4.000010204081632992e+00
4.000132653061224453e+00
4.000112244897959357e+00
3.999969387755102357e+00
4.000030612244898087e+00
4.000071428571428278e+00
3.999908163265306182e+00
4.000051020408163183e+00
3.999948979591836817e+00
3.999989795918367452e+00
4.000010204081632992e+00
3.999765306122449182e+00
3.999908163265306182e+00
4.000010204081632992e+00
4.000091836734694262e+00
4.000112244897959357e+00
3.999948979591836817e+00
4.000091836734694262e+00
3.999969387755102357e+00
4.000153061224489548e+00
3.999826530612244913e+00
3.999989795918367452e+00
3.999908163265306182e+00
4.000030612244898087e+00
3.999867346938775547e+00
4.000051020408163183e+00
3.999928571428571722e+00
4.000010204081632992e+00
3.999989795918367452e+00
4.000071428571428278e+00
3.999969387755102357e+00
4.000153061224489548e+00
3.999948979591836817e+00
3.999948979591836817e+00
3.999887755102041087e+00
3.999887755102041087e+00
3.999989795918367452e+00
3.999908163265306182e+00
3.999928571428571722e+00
3.999989795918367452e+00
4.000214285714285722e+00
3.999948979591836817e+00
4.000132653061224453e+00
4.000071428571428278e+00
3.999948979591836817e+00
3.999928571428571722e+00
4.000010204081632992e+00
4.000051020408163183e+00
3.999969387755102357e+00
4.000112244897959357e+00
4.000030612244898087e+00
4.000010204081632992e+00
4.000071428571428278e+00
4.000071428571428278e+00
4.000091836734694262e+00
3.999744897959183643e+00
4.000051020408163183e+00
4.000091836734694262e+00
3.999806122448979817e+00
3.999928571428571722e+00
4.000030612244898087e+00
3.999989795918367452e+00
4.000051020408163183e+00
3.999969387755102357e+00
4.000030612244898087e+00
3.999969387755102357e+00
4.000051020408163183e+00
4.000030612244898087e+00
3.999908163265306182e+00
3.999887755102041087e+00
4.000153061224489548e+00
3.999928571428571722e+00
3.999806122448979817e+00
3.999806122448979817e+00
3.999969387755102357e+00
3.999806122448979817e+00
3.999928571428571722e+00
4.000010204081632992e+00
3.999887755102041087e+00
3.999887755102041087e+00
4.000112244897959357e+00
4.000051020408163183e+00
4.000051020408163183e+00
4.000010204081632992e+00
4.000071428571428278e+00
3.999969387755102357e+00
4.000193877551020627e+00
3.999928571428571722e+00
3.999928571428571722e+00
4.000010204081632992e+00
4.000091836734694262e+00
3.999846938775510452e+00
3.999989795918367452e+00
3.999969387755102357e+00
4.000030612244898087e+00
3.999887755102041087e+00
3.999969387755102357e+00
3.999846938775510452e+00
4.000071428571428278e+00
4.000132653061224453e+00
4.000051020408163183e+00
3.999989795918367452e+00
4.000091836734694262e+00
4.000091836734694262e+00
4.000091836734694262e+00
4.000112244897959357e+00
3.999948979591836817e+00
4.000132653061224453e+00
3.999928571428571722e+00
4.000051020408163183e+00
4.000030612244898087e+00
3.999846938775510452e+00
