4.006122448979591688e+00
3.993877551020408312e+00
3.981632653061224492e+00
4.006122448979591688e+00
4.006122448979591688e+00
3.981632653061224492e+00
4.018367346938775064e+00
4.018367346938775064e+00
4.018367346938775064e+00
4.006122448979591688e+00
4.006122448979591688e+00
3.993877551020408312e+00
3.993877551020408312e+00
3.993877551020408312e+00
4.006122448979591688e+00
3.993877551020408312e+00
4.006122448979591688e+00
3.993877551020408312e+00
3.981632653061224492e+00
3.993877551020408312e+00
4.006122448979591688e+00
3.993877551020408312e+00
3.981632653061224492e+00
4.006122448979591688e+00
3.981632653061224492e+00
4.006122448979591688e+00
3.993877551020408312e+00
4.006122448979591688e+00
3.993877551020408312e+00
4.006122448979591688e+00
3.993877551020408312e+00
3.993877551020408312e+00
3.993877551020408312e+00
4.018367346938775064e+00
4.018367346938775064e+00
3.993877551020408312e+00
3.993877551020408312e+00
4.006122448979591688e+00
3.993877551020408312e+00
3.993877551020408312e+00
4.006122448979591688e+00
4.006122448979591688e+00
3.993877551020408312e+00
4.018367346938775064e+00
3.993877551020408312e+00
3.993877551020408312e+00
4.006122448979591688e+00
3.981632653061224492e+00
3.993877551020408312e+00
3.993877551020408312e+00
3.981632653061224492e+00
4.006122448979591688e+00
4.006122448979591688e+00
4.006122448979591688e+00
3.981632653061224492e+00
3.993877551020408312e+00
3.993877551020408312e+00
3.993877551020408312e+00
4.006122448979591688e+00
4.018367346938775064e+00
3.981632653061224492e+00
4.006122448979591688e+00
3.993877551020408312e+00
3.993877551020408312e+00
3.993877551020408312e+00
4.018367346938775064e+00
3.993877551020408312e+00
4.006122448979591688e+00
3.981632653061224492e+00
3.981632653061224492e+00
4.018367346938775064e+00
3.981632653061224492e+00
4.006122448979591688e+00
4.018367346938775064e+00
3.981632653061224492e+00
4.018367346938775064e+00
3.981632653061224492e+00
4.018367346938775064e+00
3.993877551020408312e+00
3.993877551020408312e+00
4.006122448979591688e+00
4.018367346938775064e+00
3.981632653061224492e+00
3.993877551020408312e+00
3.981632653061224492e+00
3.981632653061224492e+00
3.993877551020408312e+00
4.006122448979591688e+00
4.006122448979591688e+00
4.006122448979591688e+00
3.993877551020408312e+00
3.993877551020408312e+00
3.993877551020408312e+00
4.006122448979591688e+00
4.030612244897959329e+00
4.006122448979591688e+00
3.993877551020408312e+00
3.993877551020408312e+00
4.018367346938775064e+00
